param.wet <- list(
    # Growth
    Rn = 4.5934489642243,
    Rm = 8.75019262577215,
    alphann = 0.00406258754994729,
    alphamm = 0.00504251648539748,
    alphanm = 0.00237091079194359,
    alphamn = 0.00659684840636162,
    KDn = 0.168798734185117,
    KEm = 8.42528412953911,
    thetam = 7.12378511196688, 
    # Dispersal
    Dn = 0.861225249758145,
    Dm = 0.0255228572893007,
    Fn = 0.00656566688482818,
    Fm = 0.00838761414477751
)
